0,0.9982980376940812,0.001185835784000088,3.3069742616982814e-09,3.3069742616982814e-09,3.3069742616982814e-09,0.00025312868339669105,0.0002629879175994753
0,0.004708194133227037,0.7124531763330342,2.1486120284442697e-07,0.05063356519984719,2.1486120284442697e-07,0.16183811494159103,0.07036651966989475
0,5.216408402312482e-05,5.216408402312482e-05,0.9996870154958614,5.216408402312482e-05,5.216408402312482e-05,5.216408402312482e-05,5.216408402312482e-05
0,0.1030975335810884,1.3255089294897735e-06,1.3255089294897735e-06,0.6012323490220411,1.3255089294897735e-06,1.3255089294897735e-06,0.2956648153611525
0,4.050961613260569e-06,4.050961613260569e-06,4.050961613260569e-06,4.050961613260569e-06,0.8444456748516401,4.050961613260569e-06,0.15553407034029348
0,0.010416747939900915,1.5420243289072526e-07,1.5420243289072526e-07,1.5420243289072526e-07,1.5420243289072526e-07,0.9814283423624522,0.008154292887915212
0,0.04426980916456988,0.0205806501814715,0.007527562870061267,1.486886357540982e-07,1.486886357540982e-07,0.013760572931398719,0.9138611074752272
0,0.9887634366510462,0.00622493091578809,3.307517619801803e-09,0.00042859822665601316,3.307517619801803e-09,0.0016430695604282574,0.002939958031046353
0,0.015374160709753714,0.5315235919118916,2.622688669972815e-07,0.018594330650057545,2.622688669972815e-07,0.26120577831502634,0.17330161387553691
0,1.4327545017547358e-05,1.4327545017547358e-05,0.9999140347298948,1.4327545017547358e-05,1.4327545017547358e-05,1.4327545017547358e-05,1.4327545017547358e-05
0,0.08539558571702421,0.15255872826726732,1.450856313814934e-06,0.4507302451360474,1.450856313814934e-06,0.13040149307624901,0.18091104609078446
0,4.79704632043885e-06,4.79704632043885e-06,4.79704632043885e-06,0.1295625582042226,0.870413456564175,4.79704632043885e-06,4.79704632043885e-06
0,0.05972169466202461,1.3723332280339336e-07,1.3723332280339336e-07,1.3723332280339336e-07,1.3723332280339336e-07,0.9166763718156694,0.023601384589014604
0,0.07554184964008955,0.028157467893515052,1.4561348659146086e-07,0.012764317583454476,1.4561348659146086e-07,0.009783479802719548,0.8737525938532482
0,0.9972223525108864,0.0016834073415965545,0.00011395109204775274,0.0005412249379537866,3.333158715523878e-09,0.00012588097542521538,0.00031317980893149234
0,2.376868350077468e-07,0.7526041701439311,2.376868350077468e-07,0.01884161308077056,2.376868350077468e-07,0.12895338677628315,0.09960011693851031
0,1.4327545017547358e-05,1.4327545017547358e-05,0.9999140347298948,1.4327545017547358e-05,1.4327545017547358e-05,1.4327545017547358e-05,1.4327545017547358e-05
0,1.5979144848445664e-06,0.028559657830118886,1.5979144848445664e-06,0.30175610122462526,1.5979144848445664e-06,0.1273860631919928,0.5422933840098085
0,5.511044968153316e-06,5.511044968153316e-06,5.511044968153316e-06,5.511044968153316e-06,0.9999669337301911,5.511044968153316e-06,5.511044968153316e-06
0,1.2005557028464447e-07,0.013993399708776317,1.2005557028464447e-07,1.2005557028464447e-07,1.2005557028464447e-07,0.9836841881664844,0.0023219319024580386
0,0.011080290864550939,0.03698683765523316,1.2744021381959044e-07,0.002283311543469938,1.2744021381959044e-07,0.05699633396490823,0.8926529710914101
0,0.9645172627852687,0.016459682727666954,3.341471726791738e-09,0.0028934104110806803,0.00042477593623551003,0.004422476247651909,0.011282388550624592
0,2.4413590851215497e-07,0.4855809914216252,2.4413590851215497e-07,0.09771339701982468,2.4413590851215497e-07,0.2445589753970273,0.17214590375379743
0,0.18430425355262292,0.3287799995039312,0.4868772786531945,9.617072562825665e-06,9.617072562825665e-06,9.617072562825665e-06,9.617072562825665e-06
0,2.230101054187775e-06,0.2176954704107619,2.230101054187775e-06,0.5620800578306611,2.230101054187775e-06,0.035556671727651215,0.18466110972776303
0,5.511044968153316e-06,5.511044968153316e-06,5.511044968153316e-06,5.511044968153316e-06,0.9999669337301911,5.511044968153316e-06,5.511044968153316e-06
0,0.03966948345414452,1.0751720521762664e-07,1.0751720521762664e-07,1.0751720521762664e-07,1.0751720521762664e-07,0.9414996927101618,0.01883039376687285
0,0.057191145072792236,0.08764060733554285,1.2696477053983735e-07,0.008813010708967095,0.0012217201112524078,0.07940656748904792,0.7657268223176269
0,0.9971670786851325,0.0015821071272843878,3.454362577538062e-09,0.00039248326019451535,3.454362577538062e-09,0.0008583205643011324,3.454362577538062e-09
0,1.2925010957261592e-07,0.6841786409026479,1.2925010957261592e-07,0.017928381558500087,1.2925010957261592e-07,0.14249859972236453,0.15539399006615873
0,1.9750219097683514e-05,1.9750219097683514e-05,0.999881498685414,1.9750219097683514e-05,1.9750219097683514e-05,1.9750219097683514e-05,1.9750219097683514e-05
0,6.298779109671446e-07,0.18075291996222828,6.298779109671446e-07,0.4932285571443653,0.01701225880465732,0.09372526772213167,0.2152797366107953
0,3.1427100299989867e-06,0.03514495985828331,3.1427100299989867e-06,3.1427100299989867e-06,0.9648393265915666,3.1427100299989867e-06,3.1427100299989867e-06
0,0.008272133146404213,0.00817712327801187,8.52998676674059e-08,0.0015022907833969993,8.52998676674059e-08,0.9795708980624123,0.002477384130039223
0,0.013709815989019557,0.02478441271069268,9.642682234002349e-08,0.032823766195892834,0.003797545995457194,0.037808198165288416,0.887076164516827
0,0.9598631427918811,0.01890621193010742,3.461308654028162e-09,0.003650293906285258,3.461308654028162e-09,0.003741254926912206,0.013839089522196594
0,1.561892232745331e-07,0.5865679063564585,0.01413259556013019,0.020672390193499448,1.561892232745331e-07,0.1913024459971613,0.18732434951430407
0,1.9750219097683514e-05,1.9750219097683514e-05,0.999881498685414,1.9750219097683514e-05,1.9750219097683514e-05,1.9750219097683514e-05,1.9750219097683514e-05
0,7.176694023434723e-07,0.03730778021869659,7.176694023434723e-07,0.42550278916577694,0.0647533799060075,0.10246039833201563,0.3699742170386987
0,2.678063116631102e-06,0.46744507949021485,2.678063116631102e-06,0.03675832288618863,0.07233132332800914,0.10546928351825201,0.31799063465110217
0,0.005014667165231795,0.02077829274124803,7.476232781333991e-08,7.476232781333991e-08,7.476232781333991e-08,0.9688293747426473,0.005377441063889499
0,0.023210930912819852,0.04589854111782469,0.0049726312661221095,0.026343327111570954,9.28283151266831e-08,0.11181565047246367,0.7877588262908837
0,0.9952113935315048,0.0028211688936625053,3.6019249440063252e-09,0.0006084313853611848,3.6019249440063252e-09,0.000589476631431501,0.0007695223541903793
0,0.009647972983546159,0.6690882420158283,0.005768276955991412,0.024321377215826147,9.788035904580978e-08,0.20997997631162518,0.08119405663682373
0,5.1365764087444285e-06,5.1365764087444285e-06,0.9999691805415476,5.1365764087444285e-06,5.1365764087444285e-06,5.1365764087444285e-06,5.1365764087444285e-06
0,4.813796132591538e-07,0.17302255260825006,0.04061064624419974,0.35671009236621964,4.813796132591538e-07,0.009159187256999806,0.4204965587651042
0,8.529429911941786e-06,0.7695875199167244,0.230369832933716,8.529429911941786e-06,8.529429911941786e-06,8.529429911941786e-06,8.529429911941786e-06
0,6.005581778330639e-08,0.0031821905694850135,6.005581778330639e-08,6.005581778330639e-08,6.005581778330639e-08,0.996817509151426,6.005581778330639e-08
0,0.01467502013215158,0.018147734133919163,6.949295869842458e-08,0.007880697943944751,0.0028960448194638314,0.057124879739968694,0.8992755537375933
0,0.8843372329288222,0.04622879959302026,0.0008629840549295184,0.013300108015037271,0.0003395753991276962,0.012600297490464422,0.0423310025185986
0,0.02147219482942497,0.4072036414938499,1.1929178951600954e-07,0.037948010224179464,0.007389798449629365,0.28159532376870905,0.24439091194241774
0,2.739853846173206e-06,2.739853846173206e-06,0.7950142072804315,2.739853846173206e-06,2.739853846173206e-06,0.1086828621204083,0.09629197118377529
0,0.08012375146978909,0.06371100375135841,0.03179142441957704,0.32850625217907786,7.862741107363724e-07,0.17587675430435296,0.3199900276017339
0,2.3992361730807573e-05,2.3992361730807573e-05,2.3992361730807573e-05,2.3992361730807573e-05,2.3992361730807573e-05,0.9998560458296152,2.3992361730807573e-05
0,0.005772728407256693,0.010312711928499104,5.063761698095335e-08,0.0032105571334657607,5.063761698095335e-08,0.9773763621574956,0.0033275390980489787
0,0.016840199327142955,0.07478789788564794,0.009303697388348645,0.03651587935487053,0.005470491074743757,0.11094676999036814,0.746135064978878
0,0.9933327878522066,0.003994092829351369,4.077267749045555e-09,0.0007784312130491182,4.077267749045555e-09,0.000245212913827156,0.0016494670370305262
0,0.009479854905784001,0.7962059067920058,0.0022271013741558135,0.021592414954626042,0.004096440026940087,0.09252026225067443,0.07387801969581391
0,0.0715526914415731,1.4133488166927592e-06,0.823560543195201,0.04171057752346603,1.4133488166927592e-06,0.06317194779330984,1.4133488166927592e-06
0,1.9917228616680647e-07,0.07130898301313097,1.9917228616680647e-07,0.5025071621052531,0.006261734621140764,0.020798466839565755,0.399123255076337
0,4.216609580416319e-06,4.216609580416319e-06,4.216609580416319e-06,4.216609580416319e-06,0.870982858930701,4.216609580416319e-06,0.1289960580213968
0,0.005705729144528663,0.00395957400979171,3.689941913668414e-08,0.001123136166179347,3.689941913668414e-08,0.9760889027363718,0.013122584144290154
0,0.0015244617341517064,0.04609697642167276,0.00609169215201509,0.007422459573681388,3.944591796495441e-08,0.04882127351439717,0.890043097158164
0,0.91592952143419,0.031983095310444805,0.0012481878808301588,0.008834649695529022,0.0012183523821342075,0.00887817099035398,0.03190802230651774
0,6.015356196448696e-08,0.5499952630478973,0.0011892760495612565,0.041503592286887804,0.004718918175894537,0.19637036062841287,0.20622252965778434
0,1.2881176412612844e-06,1.2881176412612844e-06,0.7794410161363049,0.052112432688283424,1.2881176412612844e-06,1.2881176412612844e-06,0.16844139870484653
0,0.035955451500604696,0.1020768091682503,2.992246765643789e-07,0.35508281146973025,2.992246765643789e-07,0.06593550427411446,0.44094882513794725
0,3.224906837579429e-06,0.10964336671395522,3.224906837579429e-06,3.224906837579429e-06,0.43923217708397866,0.2324632045252484,0.21865157695630494
0,0.010126787057082951,0.01106233906879979,3.386652981888489e-08,0.0012550771097474451,3.386652981888489e-08,0.9730280129478731,0.004527716083437086
0,0.007710228807106376,0.07789976568562137,0.0047331388756689,0.02951220140904419,0.00517916135772254,0.06594041941558436,0.8090250844492524
0,0.9876632664816352,0.005691363443620274,0.0002878815440129836,0.0013621047910057503,4.461375058594185e-09,0.0021338654452132035,0.0028615138331375832
0,0.0016507691943316275,0.7245077397545866,5.069263718727419e-08,0.03675325928103219,0.0066247178021906755,0.11527016323110688,0.11519330004411481
0,9.472773636829368e-07,9.472773636829368e-07,0.8677655976101868,9.472773636829368e-07,9.472773636829368e-07,0.055824868657329454,0.07640574462302892
0,2.042113340288902e-07,0.06662910997932847,0.007592833629765265,0.5510066050663059,0.014793436564487766,0.09319268710829658,0.26678512344048194
0,1.5383607316959129e-06,0.028535070462697088,1.5383607316959129e-06,1.5383607316959129e-06,0.7737850834303467,0.0658897731062081,0.13178545791855292
0,2.761465803133602e-08,0.005712886135852781,0.0015800646847446093,0.0011825186296846623,2.761465803133602e-08,0.9676375021068122,0.02388697321358958
0,2.891161038590115e-08,0.04170753387533323,0.0018309239519443536,0.015253792985807722,0.005132783961819245,0.07082732096903883,0.8652476153444462
0,0.7572350893928708,0.08746361148874394,0.0032584199595364384,0.030095729740776365,0.001196282873089918,0.02895615202196898,0.09179471452301341
0,5.694061076885181e-08,0.550460277512763,0.004009103940774593,0.032360523803197074,0.006217329911973632,0.20258150326519175,0.2043712046254893
0,8.78487365557301e-07,0.014438322538862495,0.7490932076994579,0.08175095779000556,0.052862003029012054,0.017368281271793393,0.08448634918350323
0,2.3261359850961705e-07,0.0768032435581259,0.006368207637404588,0.36543798546018397,0.09387753967314853,0.0341553976680616,0.4233573933894769
0,1.1316624220316561e-06,0.028540103025913453,0.08422749930544152,0.14789214458352967,0.41413477789255243,1.1316624220316561e-06,0.32520321186771883
0,0.002212324836553991,0.008953997888356005,0.0003496780986789755,0.003379217533317307,2.4509307356037144e-08,0.974894065304958,0.010210691828828448
0,0.012247610717436248,0.09053205424353007,0.016074039638854783,0.03996641062034626,0.006672776599242067,0.10386725762253192,0.7306398505580587
0,0.9916299531861011,0.005015581809966196,5.945897764982343e-09,0.0017953571374804507,0.00013199697768390142,0.0007784390417675118,0.0006486659011031742
0,0.0006112858684787689,0.7843761250963599,0.006277767705553824,0.02733981923097111,0.003839433235446878,0.09154306921841149,0.08601249964477788
0,4.299016703165742e-07,0.06723437340874845,0.7827617107575948,0.009954765062638959,0.045533548282699204,4.299016703165742e-07,0.09451474268497813
0,0.002379995429988224,0.06224331865810447,0.004532316795590571,0.6403131823738711,0.010584005005341266,0.02010522326383007,0.25984195847327424
0,6.951645602519954e-07,0.1400113521725709,0.03772613807384359,0.018416193868999155,0.5738536097984618,0.018657617759652825,0.21133439316191144
0,0.006086878414930737,0.006460454834399689,0.001297668487224703,0.0008072991583453875,1.8668533047753947e-08,0.9765660668700004,0.008781613566566189
0,0.001175602137524924,0.061261730485872065,0.005534756842655656,0.011947298234899931,0.006102186770315966,0.05098218983761402,0.8629962356911175
0,0.8459968010224878,0.06149211671893941,0.0008778887386537612,0.0259767344186534,0.0004252339793274868,0.012962947874052496,0.0522682772478857
0,3.19954052263719e-08,0.565450988125159,0.005571190127420692,0.04404337214939355,0.007229468638604532,0.17090983965691087,0.20679510930710612
0,4.0185092493478755e-07,0.06398850395488398,0.7641516126705464,0.037533176150820205,0.015650241607068367,0.03918983900903514,0.07948622475672094
0,1.1509656270358037e-07,0.05707230262879325,0.02971254932422915,0.48129588485539626,0.015331875229712702,0.027384552411334716,0.3892027204539712
0,6.619112267192146e-07,0.2108810706678243,0.072497829846905,0.03966959437208301,0.426165216900895,0.04015611670062202,0.21062950960044388
0,1.713471864635863e-08,0.00555454011561514,0.0010225706073274832,0.0030942406941063564,1.713471864635863e-08,0.9765988459425065,0.013729768371007301
0,0.0045518163396568116,0.11223563040347742,0.010594103510776156,0.032461974976176214,0.008233079554331193,0.07343904741134517,0.7584843478042371
0,0.9877493848979353,0.006884884673255947,7.057498243513102e-09,0.0008847048230960879,7.057498243513102e-09,0.0005577290813264963,0.0039232824093897185
0,2.8520419427031483e-08,0.7576898412558857,0.010644169270977208,0.0286940391503298,0.0007576936079789194,0.09184024145981896,0.11037398673458987
0,3.1267030700613194e-07,0.031516953587811106,0.8075436237269384,3.1267030700613194e-07,0.03427994867616232,0.01592804488399205,0.11073080378448213
0,8.392039707135657e-08,0.07076218984653143,0.002157828090720371,0.5964438657632152,0.022501875767242687,0.040372559204429746,0.2677615974074635
0,6.49672894186474e-07,0.16993979452732297,0.017747808585667144,0.10106430296932183,0.5693218644740823,6.49672894186474e-07,0.14192493009781743
0,0.0023531503400809526,0.008482101452024316,1.4555570929818313e-08,0.001988216493488939,0.0003883098373038185,0.9794714118859073,0.007316795435623813
0,0.0013860054156064113,0.05911359569834756,0.005038835751312666,0.01143343738328953,0.010685609775402036,0.05451355455383775,0.857828961422204
0,0.5553602041548182,0.15477898968410694,0.004459898036277348,0.07077883812095428,0.0011972515795778311,0.046477318173715663,0.1669475002505497
0,0.00032444267421336004,0.5582673410559056,0.00533778376677307,0.03753578309851408,0.010767913323792797,0.18745036556734254,0.20031637051345855
0,3.023798982869865e-07,0.06896266417247453,0.6681948169215005,0.027181338409552766,0.031941152794652934,0.06424465466201568,0.13947507065990533
0,1.0860929786613712e-07,0.09844361130135738,0.029112105020821025,0.3973007498330333,0.04500386221361424,0.027907092928552445,0.4022324700933238
0,5.155844800194148e-07,0.16642197754036978,0.05887861078597702,0.011883276010833473,0.4847470187442709,0.04480321398562414,0.23326538734844476
0,1.3450199002818084e-08,0.013953818977005244,0.0008109093845123043,0.007222600414613232,0.0010713010957785494,0.9641355032994651,0.012805853378426635
0,0.007250702254829659,0.09253787037455245,0.011056561936228395,0.019757127235274397,0.00836941374774409,0.0891338098957418,0.7718945145556292
0,0.9893837281537894,0.0038115664465939157,1.2770773693358836e-08,0.002593489205729364,1.2770773693358836e-08,0.0030131753923631206,0.0011980152599768352
0,0.0006130397621286928,0.7906275365580538,0.008905046784702372,0.009974741293597052,0.004376497312907815,0.08071756709921486,0.10478557118939538
0,2.4330392143308535e-07,0.017989772601133096,0.7254042652676631,0.026581617326716947,0.03939419534326901,0.06404629034782709,0.12658361580946928
0,0.002346289914166797,0.06399633666086868,0.007345930082802761,0.6540793577652425,0.01062082930966295,0.03616677866377704,0.2254444776034793
0,3.9082353284865994e-07,0.1293227518026734,3.9082353284865994e-07,0.024360196856134123,0.6527917682670381,0.07612064708246206,0.11740385434462665
0,1.1085673753531034e-08,0.005276858014883182,0.0021166599086419042,0.0028553504238126763,1.1085673753531034e-08,0.9799983630587302,0.009752746422584462
0,0.00035663562693816523,0.06161049323777893,0.004543298890259685,0.01226780246976359,0.006175370606931644,0.052410826019621014,0.862635573148707
0,0.8167572783799824,0.06829804608247328,0.0023792481753042785,0.0324071483053262,1.2891578383982293e-08,0.023244857885205694,0.0569134082801297
0,0.0031509723860898876,0.6115927710070982,0.006989967123336291,0.024613382841692583,0.0038201619779997266,0.167763054713055,0.1820696899507283
0,2.443632876191356e-07,0.08832851191672703,0.6416263719710085,0.02570606828193536,0.029858882123926813,0.05618345129727792,0.1582964700458367
0,7.696547099204426e-08,0.10485232897624482,0.008400136792688485,0.3762275417734858,0.02178393713151576,0.07602988265876699,0.4127060957018272
0,3.673776325941025e-07,0.1681280701874249,0.02292714196752961,0.027586681209447548,0.39457304787756853,0.10021215890718324,0.2865725324732137
0,1.0220522658887328e-08,0.0070968212705426045,0.0015198607083642122,0.0013241736762745725,0.00014907294141371932,0.9777339282792485,0.01217613290363364
0,0.0010082698360802673,0.10968028851341842,0.0048072479362856035,0.01267873692443996,0.005979862874359048,0.1046024433338716,0.761243150581545
0,0.9837112798431383,0.011727339274395005,1.572824234416264e-08,0.0017076443843502627,1.572824234416264e-08,0.0018366102978324688,0.0010170947437992954
0,0.00047112392848410877,0.7427026332486398,0.003966976482222337,0.016489375693820776,2.2370956518168546e-08,0.1376863724705885,0.09868349580528814
0,2.6074051960035564e-07,0.025328845876314017,0.8090153454413269,2.6074051960035564e-07,0.00640676836078958,0.0518622283100767,0.10738629053045363
0,0.0024688497263585193,0.05504642097178906,0.002512856260275361,0.5937328970481999,0.01576974313786803,0.03543602220894681,0.2950332106465621
0,4.651252058630743e-07,0.10309681051569472,0.036642031661253724,4.651252058630743e-07,0.6279116934406457,0.024537083385088802,0.20781145074690544
0,0.0008334873678904718,0.0020757013570480965,0.00026295682653525827,0.0014869725101886446,0.00028107533279975736,0.9891978749709619,0.005861931634575893
0,0.0005808806836942931,0.0420065162744196,0.005770146313042051,0.006468477418591069,0.005586704012038976,0.07466608310957677,0.8649211921886373
0,0.5500754410413958,0.183918447096227,0.00294788614762238,0.03580890489254198,0.0018678703719932268,0.1008595025891844,0.12452194786103529
0,2.597671359192714e-08,0.520330761058918,0.011437180232171287,0.03066948718905467,0.004161139524393887,0.2707832899336417,0.16261811608510687
0,2.572058440754961e-07,0.13515060748879715,0.6055991297583078,0.03961374223384626,0.015386605051545372,0.09284335063519777,0.11140630762646159
0,1.3520146735320897e-07,0.08699445488534428,0.010496692797934035,0.3222094848680329,0.039890872420833674,0.13031449532750253,0.4100938644988853
0,4.947509855895614e-07,0.11932689058884212,0.035726612846654,0.00948992498863726,0.4349028595689029,0.22538606132468886,0.1751671559312892
0,0.00180176057420044,0.004603675060827259,0.0012358905878293487,0.0013192024446399926,7.888642942528599e-09,0.9849356718570423,0.006103791586817657
0,0.005842008171672878,0.1023129302689339,0.009232131887100068,0.01477270849830522,0.009358027133954516,0.1835994493836523,0.6748827446563811
0,0.9849071157852516,0.0025161608738110703,2.840616047679836e-08,0.003506897826367593,2.840616047679836e-08,0.0083019629871459,0.0007678057151029163
0,2.3955074311040248e-08,0.744428962190159,0.0033121243962702667,0.006679377811335928,0.005710679855143341,0.1409465994217818,0.09892223237023526
0,2.484705757597947e-07,0.04132427473906498,0.721501770413265,0.004528660690670151,0.005413482409751797,0.04799487553721881,0.17923668773945342
0,1.36385766643498e-07,0.04470676236483014,1.36385766643498e-07,0.6760123150223463,0.008009212518118394,0.06450305362844042,0.20676838369473138
0,4.42537299407504e-07,0.08907562558520653,4.42537299407504e-07,0.024928059649758222,0.5537921510634961,0.06232253183742264,0.26988074678951773
0,0.00014322975623750833,0.003156706708647863,0.0012702223377007876,0.0007385992036099325,6.326298065106082e-09,0.9869571715301312,0.0077340641373746
0,0.0033641100915381156,0.0409551318111322,0.0024844617909727863,0.0054130130232736785,0.005497080494010147,0.08535647777850208,0.856929725010571
0,0.794397619043775,0.08425183511759088,0.00046848158093404574,0.01804481175535905,2.8621046120294564e-08,0.03486945726789717,0.06796776661339772
0,2.830133390737192e-08,0.5537660750252981,0.008229215220757717,0.023443991518886563,0.0038054013813201997,0.24842220089139494,0.16233308766100873
0,2.9211606088364663e-07,0.0526674620384005,0.6556547684174003,0.007889709961600558,2.9211606088364663e-07,0.06759255307403925,0.21619492227643763
0,1.6825335863809495e-07,0.06640524803797138,0.016010099078502222,0.44161287512610065,0.022091075498384922,0.10791273475646436,0.34596779924921783
0,5.077118577613335e-07,0.10157784308344867,0.0632037102539957,0.040783476067077724,0.6196824454156348,0.011052036110776018,0.16369998135720917
0,0.00031838255608847727,0.004772444912308093,0.000755853956040373,0.0014809714780607062,5.910444502496285e-09,0.9841117675689143,0.008560573618143521
0,0.0019018913225547413,0.05716039934563604,0.008630995016302623,0.01039073174146534,0.006716272427251162,0.15922132664594912,0.755978383500841
0,0.9743991496636415,0.01304607745687557,3.5786340868995204e-08,0.001095039905780129,3.5786340868995204e-08,0.0085354023090734,0.002924259091947712
0,3.5560181051773946e-08,0.6987150042903125,0.007700151833515325,0.0050744145677463085,3.5560181051773946e-08,0.1865966898417217,0.10191366834634202
0,0.014717296795646125,0.031145672787197418,0.7340056517595505,0.01156086567653154,0.011516265147280874,0.08531879994639291,0.11173544788740057
0,1.93284453396275e-07,0.03798329528536295,0.01402308911672297,0.6286574102768596,0.03357108832919631,0.08237159640370201,0.20339332730370285
0,5.10301494989344e-07,0.06357440954258176,5.10301494989344e-07,5.10301494989344e-07,0.6396970379523546,0.1258708249540794,0.17085619664649934
0,0.000305534880260429,0.0013147116003077875,0.0009525179706940652,0.0016005755394927369,4.348515311119864e-05,0.9861954564261456,0.009587718429988203
0,0.0005998784264586421,0.02471133533455183,0.003442227584568007,0.00439865662593487,0.0036529329489354916,0.12383219808629951,0.8393627709932516
0,0.5225600555399277,0.13310877174603253,3.6526933594176085e-08,0.04445990375578453,0.009082526703311175,0.13360832053099192,0.15718038519701857
0,4.4799839621265774e-08,0.44147899012822767,0.006808982200005683,0.027890269716521917,0.005166028122537352,0.3107662542043201,0.20788943082854777
0,3.0578610773680696e-07,0.04948619956775798,0.5631803054068111,0.05487933133142836,0.009462877843851136,0.18084619595085016,0.1421447841131935
0,2.464053037328536e-07,0.054943623000733494,0.014893882080953344,0.4060501020787166,0.02025301365555,0.04234425703025472,0.4615148757484881
0,5.82485763016309e-07,0.02530546727569087,0.09264164078700891,5.82485763016309e-07,0.38041236347886664,0.2098015414449347,0.29183782204197295
0,0.00012115290319731916,0.0056905928482246125,0.00022686370723147643,0.0010189698794716704,9.986134640811507e-05,0.984556387760269,0.008286171555197877
0,0.008213994173462056,0.058272140546418084,0.008874952460788883,0.010540497859721899,0.008876178488624946,0.21906235809535662,0.6861598783756275
0,0.9737383689434076,0.015511152826532173,6.7390546903637e-08,6.7390546903637e-08,6.7390546903637e-08,0.010750208667872348,6.7390546903637e-08
0,0.0017420229579875378,0.7374037682766401,0.005447293719557641,0.004395100723483974,5.354644783042591e-08,0.19062549667228051,0.06038626410360238
0,3.5611793234770115e-07,0.038780436985126066,0.6851585244892772,3.5611793234770115e-07,0.01629705592531991,0.08115691012040883,0.1786063602440034
0,2.210457553538639e-07,0.029987328442352586,0.01659850313311227,0.7091564805460243,0.021165749760464064,0.08204906125821228,0.14104265581407918
0,5.883667422109699e-07,0.08394144856104362,0.013984525234704063,0.02538198679770217,0.654011794377086,0.18188544076350482,0.04079421589921704
0,0.0009148999287375839,0.003564653847898131,0.0003430801470661107,0.0004931006531101985,0.00014625605274560982,0.9875488399498733,0.006989169420568986
0,0.0071202539935034835,0.023851763283125948,0.002514100777436535,0.002759311617038618,0.006058037820558099,0.1084592832366756,0.8492372492716617
0,0.8461191622904263,0.0582263065358279,6.629672238157685e-08,0.0116809521436217,6.629672238157685e-08,0.02492787285833028,0.059045573578348914
0,6.054508175059488e-08,0.488491901467394,0.01736660290836561,0.027447938766248157,0.0015566461020691215,0.3206537296939223,0.14448312051691892
0,4.270629601492805e-07,4.270629601492805e-07,0.7478028879016552,4.270629601492805e-07,0.017953645665486247,0.088323869862676,0.14591831538130226
0,2.7796557402191505e-07,0.027940139910705136,0.011976098881553161,0.5060180543560863,0.027801585931231276,0.08750542998056701,0.33875841297428316
0,6.15607112928191e-07,0.15003361834757076,6.15607112928191e-07,6.15607112928191e-07,0.5375253334354466,0.1327619456686843,0.1796772557269595
0,7.43917361574214e-05,0.0039691053923673275,0.001029800285561151,0.0005766811934764986,4.33400696920002e-09,0.9865878724117632,0.0077621446466676226
0,0.0023099602497624657,0.04822809366528843,0.005250676233202373,0.012801264358128034,0.00455257069896566,0.20403401461449144,0.7228234201801615
0,0.9569974766126007,0.018333916319307933,7.752862633509755e-08,7.752862633509755e-08,7.752862633509755e-08,0.005381546677319433,0.01928682780489293
0,7.88366525458831e-08,0.7162332990167902,7.88366525458831e-08,0.0063604209839249175,7.88366525458831e-08,0.20363967383191972,0.07376636965740757
0,3.8634725073791604e-07,0.018402990599094306,0.7342953873861587,0.02901112505678573,0.022019721609459246,0.05280512428420269,0.14346526471704857
0,3.0857037392599203e-07,0.0274851651284772,3.0857037392599203e-07,0.5868597454107028,3.0857037392599203e-07,0.10221402582053249,0.28344013792916584
0,7.844120580783571e-07,0.03882619816815443,7.844120580783571e-07,7.844120580783571e-07,0.6682659965566548,0.14773751513491853,0.145167936904098
0,4.0894574524554464e-09,0.004981766173529815,0.0003689970290525064,0.0016212587018976643,0.00011176593114539931,0.9843362213299867,0.008579986744930584
0,2.269723914220315e-08,0.02517109947182245,0.009955929406795364,0.00407802714292598,0.007691400580375216,0.10927304624833806,0.8438304744525038
0,0.6591785080179082,0.11456802631642528,8.101232296335196e-08,0.029058944245702763,8.101232296335196e-08,0.07919660320029705,0.11799775619502073
0,8.449583454820893e-08,0.44074312038069346,8.449583454820893e-08,0.00938461222600935,0.010696916582396705,0.3928486006947745,0.14632658112445682
0,4.116097523827861e-07,0.023523008488869897,0.5331376733387089,0.031140737570227155,4.116097523827861e-07,0.26359191701244716,0.1486058403702422
0,3.7968574206272135e-07,0.07835105492643944,3.7968574206272135e-07,0.527387291653962,3.7968574206272135e-07,0.07880169683952379,0.3154588175228485
0,7.84233969771592e-07,0.09213224600058349,0.037839701987859596,0.1309359293246495,0.22326506610992686,0.2099997272860735,0.30582654505693735
0,0.0022048573079057137,0.0025955222267039072,0.00035919435084036155,0.0022336448295846066,4.0189041159847396e-09,0.9797557768436252,0.012851000422436112
0,0.004478456741356947,0.06307787246010213,0.007002122235618244,0.011237170080391115,0.005427669720245857,0.22281594818719885,0.6859607605750869
0,0.956003561450291,1.1269892975894678e-07,1.1269892975894678e-07,1.1269892975894678e-07,1.1269892975894678e-07,0.03485791142931519,0.009138076324675023
0,0.014562043219832572,0.691607600310878,0.002941333407271974,0.009042693344437316,0.004468850609203681,0.18909727706305463,0.08828020204532187
0,5.792013846484137e-07,0.07609422736727209,0.6974392539547711,5.792013846484137e-07,5.792013846484137e-07,0.1555754262903774,0.0708893547834253
0,3.1965148374619194e-07,0.07767727708701141,0.006976653325773952,0.6014678579576925,0.02862973982185103,0.03025821317434422,0.25498993898184313
0,1.56518257699634e-06,0.18742823520516025,0.0937531141473029,1.56518257699634e-06,0.5125609161502885,0.13015862525618307,0.0760959788759111
0,0.0012184252568303436,0.005769717531055094,0.0013793390525156804,0.002417145976624715,9.670109570022775e-05,0.9775700418384405,0.011548629248833446
0,0.006719998067044574,0.026642288293895797,0.005751587780530171,0.017138760933769825,0.002764212844076844,0.09458294885699521,0.8464002032236877
0,0.8567565529405262,0.04428962915429125,1.0873912212928576e-07,1.0873912212928576e-07,1.0873912212928576e-07,0.05984419874236685,0.03910929294544936
0,9.903555812068556e-08,0.5215210218143717,0.003384205067199455,0.004060631137235056,9.903555812068556e-08,0.3491631433700175,0.1218708005400601
0,0.026181287575867282,0.0369403219564223,0.5864944858689558,5.30251282829612e-07,5.30251282829612e-07,0.30173686361482605,0.04864598048136279
0,3.093560298812535e-07,0.0145957581334157,3.093560298812535e-07,0.5962808400089191,3.093560298812535e-07,0.03553251959286749,0.3535899541967082
0,1.6956233613843897e-06,0.03606543336329637,1.6956233613843897e-06,1.6956233613843897e-06,0.5753880149738092,0.19223348329175777,0.19630798150105241
0,0.001039854985305432,0.003409264716482656,0.0004996921003832,0.0028502306750789567,3.8428644616463555e-09,0.980855406341866,0.011345547338019412
0,0.0072479407115047766,0.04170719209056816,0.0027449388235840167,0.011975891645300338,0.002529098979494687,0.18758918465442778,0.7462057530951202
0,0.9739127970961848,0.0027572058794016517,1.1819935589745207e-07,0.004983257403871263,1.1819935589745207e-07,0.018346385022474754,1.1819935589745207e-07
0,0.005677031623319772,0.6714165450378378,1.2191843083039681e-07,0.004138729601873938,1.2191843083039681e-07,0.23637099646426435,0.08239645343584245
0,7.303348860137943e-07,0.026928426930332296,0.5193007525307626,0.04028691901283722,0.02603743682584905,0.19017474889750194,0.19727098546783095
0,3.182744115474855e-07,0.01686243670710408,0.007105040631237802,0.7119045969802389,0.015754240477590664,0.10366877661292374,0.1447045903164933
0,2.322767713291429e-06,0.11247503348063144,2.322767713291429e-06,2.322767713291429e-06,0.5295011630960965,0.29964561730033584,0.05837121781979628
0,0.0009250771203069157,0.001447709857945316,0.001028956506983748,0.0026482053471168034,3.747046030660212e-09,0.9836666320004824,0.010283415420118831
0,0.010625464768753673,0.0300191595298273,0.0015816487587520973,0.011844644039090392,0.002484770421300898,0.13519777221677756,0.808246540265498
0,0.5967037491357097,0.12029485984260671,1.1259370595790835e-07,0.018920023493070738,0.002309788726425291,0.15141544883888744,0.1103560173695942
0,1.4205467408188606e-07,0.4066802036299818,1.4205467408188606e-07,0.0186997768519698,1.4205467408188606e-07,0.4499219436937603,0.12469764966026572
0,9.435328109497831e-07,9.435328109497831e-07,0.4313207096305222,0.021551249042292282,9.435328109497831e-07,0.3104557823842278,0.2366694283445248
0,2.887481470138421e-07,0.018767449488884588,0.009945264487868312,0.4758631717929204,0.029447569013077747,0.13683129513145886,0.32914496133764304
0,2.534191513103517e-06,0.06015598701373023,0.1254397496788572,0.19243283865324004,0.048149808358654185,0.4274648868392462,0.14635419526475898
0,0.001871681689160757,0.004729457910633237,0.0005969473605879899,0.0027804753922023528,3.706987388822319e-09,0.9679637869333286,0.02205764700709964
0,0.009951333708140294,0.04045404109439189,0.004662224380386105,0.0231303972198303,0.0007620560644554337,0.3511618211591425,0.5698781263736535
0,0.9176875631008067,0.01632181097717359,1.6367137050732888e-07,0.04776771701146861,1.6367137050732888e-07,1.6367137050732888e-07,0.01822241789643942
0,1.529801402014734e-07,0.6611099803176949,0.008083811801640884,1.529801402014734e-07,0.005640582979257488,0.2579571694757952,0.0672081494653311
0,1.1832467019141894e-06,1.1832467019141894e-06,0.49647875759496685,1.1832467019141894e-06,1.1832467019141894e-06,0.3851203506121575,0.11839615880606795
0,0.04488575104439965,2.85217041933263e-07,2.85217041933263e-07,0.6503182544472764,2.85217041933263e-07,0.12716292092582782,0.1776322179313705
0,6.065075257804868e-06,6.065075257804868e-06,6.065075257804868e-06,6.065075257804868e-06,0.7269502914202963,0.2730193832034148,6.065075257804868e-06
0,0.0007283542276711352,0.004450208922745506,0.000684351007158002,0.002851715529482698,0.0003246132601257587,0.9718013511758608,0.019159405876956182
0,0.0073137475061203225,0.025855087548621432,0.010460103905792615,0.01206195796985962,0.004022191931426601,0.1641478959275975,0.7761390152105819
0,0.8593634467009559,0.035032072471672705,1.6228877459530898e-07,0.02068327816976672,1.6228877459530898e-07,0.059046644914402716,0.025874233165652766
0,0.004342815300142938,0.5067186978012942,0.005584959231178141,0.01783080878924248,1.5755535997370984e-07,0.3514580729684135,0.11406448835436864
0,0.10744375309759066,1.0616307641006543e-06,0.8005261741861495,1.0616307641006543e-06,1.0616307641006543e-06,0.09202582619320337,1.0616307641006543e-06
0,2.713371386357011e-07,0.020056139000887988,2.713371386357011e-07,0.5224853973095068,0.010476183431584083,0.08263342895327462,0.3643483086304693
0,2.8223027403891954e-06,2.8223027403891954e-06,2.8223027403891954e-06,2.8223027403891954e-06,0.7333554686712075,0.2666304198150905,2.8223027403891954e-06
0,0.0026890989332431807,0.003389431159417838,0.0013637865147797265,0.005382762789898803,7.801278530008967e-05,0.9702051975689939,0.01689171024836651
0,0.0224957083494234,0.02093419192232884,0.002403133239129022,0.0044945269120722255,0.006324779271801051,0.23548228544351874,0.7078653748617267
0,0.9857679706992094,1.4743859636774257e-07,1.4743859636774257e-07,1.4743859636774257e-07,1.4743859636774257e-07,0.014231292107809212,1.4743859636774257e-07
0,0.004016709620803851,0.4842801643636864,1.9939142772159007e-07,0.004826660472636898,1.9939142772159007e-07,0.4082280682461112,0.09864799851390635
0,8.115437973932386e-07,8.115437973932386e-07,0.7608345628359807,8.115437973932386e-07,0.03266637663453676,0.0715220589366331,0.13497456696145727
0,0.018501143030397887,0.023587015743723794,0.017425553931916162,0.5851149861594332,0.02038576314277935,0.10112081685060192,0.23386472114114762
0,2.0286183376799136e-06,2.0286183376799136e-06,0.07479787933163846,2.0286183376799136e-06,0.5527802607650364,0.21830439583139064,0.15411137821692145
0,0.0015549304033277546,0.003909252147494416,0.0006633250620527466,0.005575879535091378,0.0004294472599766255,0.9709848836122635,0.016882281979793582
0,0.019614612563585175,0.012166606114916816,0.004587872998168732,0.005204904577328668,0.008997849200357778,0.15272091680546312,0.7967072377401797
0,0.8949144916648379,0.07062752042888301,1.29488346814524e-07,0.0015905011528322716,1.29488346814524e-07,0.021645200929369994,0.011222026847383262
0,0.01764078813396241,0.3371119274507386,2.5490979280283253e-07,0.0233218572663025,2.5490979280283253e-07,0.45481906270802175,0.16710585462138924
0,0.03680602065961267,0.029102202626373423,0.6929174415313157,0.028818656157776807,7.435721565571995e-07,0.19461190554936053,0.01774302990340407
0,0.011438334390814988,2.551367519133802e-07,2.551367519133802e-07,0.4515454567573004,0.0177918416630254,0.16348690376148337,0.3557369531538721
0,0.06160645506134842,0.12160559286067335,1.3419171419323108e-06,1.3419171419323108e-06,0.3928413206987565,0.05733193509719959,0.3666120124477383
0,0.005799887779103196,0.0060457586867081956,0.00026928883366784126,0.0050398377407561284,3.6179587478847993e-09,0.957250087062503,0.025595136279302745
0,0.02466148622791882,0.017268612184901205,0.0021315698310964515,0.008684955092621092,0.0015000989756245664,0.2733995063442925,0.6723537713435453
0,0.9727349272487742,1.0643931694885414e-07,1.0643931694885414e-07,1.0643931694885414e-07,1.0643931694885414e-07,0.019399775771093183,0.00786487122286509
0,2.416158660621644e-07,0.5806492973770273,2.416158660621644e-07,2.416158660621644e-07,0.013633860143751519,0.27398462854615013,0.13173148908547289
0,0.09701945419458252,9.395515091178418e-07,0.7052858010237208,0.034642524470733516,9.395515091178418e-07,9.395515091178418e-07,0.16304940165643572
0,0.03755156212407592,0.016726497051257314,2.8234406155992095e-07,0.6089968334437361,0.015153869786655302,0.049313183859912194,0.2722577713903016
0,2.4794159733399234e-06,2.4794159733399234e-06,0.1417530339705576,0.10252251622459474,0.3375899360645813,0.2134738386590212,0.2046557162492985
0,0.0031046000782173535,0.004550102968452252,0.000608930274528809,0.0026114491991561855,0.00014733921396824334,0.9630752868101422,0.025902291455534996
0,0.026720715319301973,0.027643867483633632,0.001959245986897166,0.007960513910132501,0.01089589402130231,0.1430489170799122,0.7817708461988201
0,0.9475505295426805,0.01509323118976709,9.114288775490432e-08,0.006814568190271254,9.114288775490432e-08,0.017165528127989698,0.013375960663516054
0,0.015006530788520602,0.39102683291533336,0.00878653354149021,0.03219106238827603,2.231065824623227e-07,0.3596031315527642,0.19338568570703318
0,0.0438560667936934,9.711245565026986e-07,0.7716457623850884,0.018836133888474008,0.01709484998256398,0.10340653600992021,0.04515967981570347
0,0.03631657369478758,0.019939006530728307,3.15011331867495e-07,0.517337650490468,0.0065499837346479454,0.03340532038086668,0.3864511501571696
0,1.6955170254254684e-06,1.6955170254254684e-06,1.6955170254254684e-06,1.6955170254254684e-06,0.6149833511983818,0.14780959973231797,0.23720026700119848
0,0.005510584749709476,0.00726433950782956,0.0012225987157311173,0.004478246486048803,0.00015535548064866822,0.9611645890799655,0.020204285980066752
0,0.050456917537882784,0.016072538817342094,0.009643183607301022,0.006009838380737652,0.001403951956825223,0.13459296664129347,0.7818206030586178
0,0.9796611698877375,7.319128247201459e-08,0.0020780017987714217,0.004344747119978036,7.319128247201459e-08,0.007358504177306274,0.006557430633641419
0,0.003223359092399301,0.5187680903871018,2.2528873815573357e-07,0.01700442122232438,2.2528873815573357e-07,0.2245820910385155,0.2364215876821828
0,0.02696438040315238,6.846762413816546e-07,0.6643872589493034,6.846762413816546e-07,0.08414095881273742,0.11733311508876296,0.10717291739356097
0,0.019822576230343482,3.0526558843756374e-07,3.0526558843756374e-07,0.6992739685617234,3.0526558843756374e-07,0.03000239423032287,0.2509001451808451
0,0.05379682758864676,2.0567216305102836e-06,0.21713854639935065,2.0567216305102836e-06,0.5102939011017064,0.1574346100237675,0.06133200144326771
